 362565602 
 246410178 
 15466342 
 808010901 
 347180943 
 5074172 
 816908275 
 204180168 
 184914222 
 102271345 
 111181884 
 190664172 
 684476563 
 103702493 
 329248236 
 103308356 
 257752192 
 204378904 
 263089299 
 58786342 
 190708198 
 144621690 
 918780241 
 321037530 
 120423771 
 79848018 
 795773833 
 219229647 
 116290900 
 273152209 
 33497472 
 309534815 
 270659167 
 264923940 
 176610826 
 606172360 
 235149255 
 98042025 
 57623504 
 56419206 
 320588139 
 196568939 
 682309799 
 697943978 
 161895701 
 240834557 
 65603754 
 64875650 
 172007735 
 162978683 
