 515665728 
 238836254 
 341667426 
 534254345 
 99733475 
 1869410958 
 173127853 
 960622090 
 198768904 
 4284619 
 3334242436 
 539778210 
 139657081 
 32861535 
 341198984 
 344909556 
 249945620 
 398759756 
 388359291 
 310768368 
 439468672 
 92227140 
 316381561 
 552016998 
 787296277 
 178669618 
 946926109 
 266185735 
 13056742 
 756933087 
 155507394 
 209080213 
 135078233 
 104861532 
 580847014 
 384655778 
 381093361 
 5245139 
 247789832 
 255080088 
 80929147 
 180764015 
 132692675 
 172756840 
 47088829 
 639707675 
 28415702 
 71364556 
 32152697 
 472070411 
