 683413662 
 313851028 
 218406054 
 59228249 
 181877133 
 115955752 
 3251733 
 52159154 
 813400940 
 504133519 
 365160412 
 71793004 
 17702591 
 151138957 
 410723670 
 347213862 
 245860020 
 87296860 
 67755043 
 122084754 
 971049992 
 179136466 
 174753845 
 251961842 
 44742337 
 318088012 
 113201935 
 9887225 
 285902000 
 283874989 
 55249208 
 341812963 
 735953535 
 1096295054 
 55307808 
 429314542 
 239441093 
 249642147 
 215678306 
 437131156 
 308688207 
 2663795 
 11504217 
 328899128 
 260463407 
 60553333 
 64617456 
 734259042 
 482189079 
 11626913 
